0 0.2271346308235517 0.1693413942210223 0.2796086229359497 0.21620970667192435
0 0.4893480257805976 0.17633732454639803 0.2858577924293829 0.21995586931335787
0 0.7481874372459869 0.1731542789740748 0.29463578852842465 0.22352149128829574
0 0.21756712177844012 0.41154707493918147 0.30771425146932313 0.256985833891623
0 0.47550245251113477 0.4107032341873184 0.29768332372171835 0.24814109294226033
0 0.7287912268213943 0.40905087235821647 0.2924079553929955 0.21081708842921612
0 0.20154157281923685 0.6427743490414825 0.2776604809753507 0.19393953649238452
0 0.4614521613538476 0.6489753938282388 0.28970179655646877 0.222516521416172
0 0.7235803471294964 0.6426855289740747 0.2819916555003809 0.22442419462077384
0 0.18745033808438483 0.8818277586824028 0.2842969534425165 0.21252717654404812
0 0.44846972523951456 0.881783348648699 0.2728930246489437 0.22964308996629618
0 0.7135181931273389 0.8794179145126944 0.2770192114705603 0.21150857113330507