0 0.230071901999433 0.16110366989997515 0.27673180008678033 0.2252140048657568
0 0.492380929041275 0.15893444998736472 0.28863036304030487 0.23629149015209908
0 0.7511383701482677 0.146722640341311 0.2935224769240456 0.24228725747196714
0 0.22473952813815035 0.40320024168672985 0.3030369894008788 0.26890449755839185
0 0.4826338736916466 0.39335491409398743 0.29271828461472216 0.23602020843198357
0 0.7358680010963083 0.38286472882111305 0.27214288150758803 0.18878926863918366
0 0.21275785019318366 0.6345639019532865 0.2854842793518742 0.2188347984788372
0 0.47275040908619115 0.6316816282006101 0.2692317967750693 0.20041140741261038
0 0.7347419775978453 0.616253890341311 0.250998907347099 0.18114993621310518
0 0.20284710373656273 0.8736718660599092 0.2875676154449667 0.23938239207213208
0 0.46383916743889364 0.8645168602539215 0.2688033522193273 0.22166637183264334
0 0.7288193266947207 0.852904444181377 0.2638039695518174 0.20142415803943114