0 0.2359375 0.16796875 0.2453125 0.18046875
0 0.4984375 0.1734375 0.25703125 0.19375
0 0.75703125 0.16875 0.25859375 0.175
0 0.2390625 0.41015625 0.26171875 0.19765625
0 0.496875 0.4078125 0.259375 0.18125
0 0.75 0.4046875 0.26171875 0.17421875
0 0.23515625 0.64140625 0.259375 0.18046875
0 0.4953125 0.64609375 0.253125 0.17890625
0 0.75703125 0.63828125 0.24375 0.17265625
0 0.23359375 0.88046875 0.25234375 0.1765625
0 0.49453125 0.87890625 0.2359375 0.1703125
0 0.759375 0.875 0.2453125 0.17421875