0 0.11171875 0.27265625 0.07265625 0.09140625
0 0.21171875 0.290625 0.07890625 0.1265625
0 0.29765625 0.31328125 0.10234375 0.10859375
0 0.4015625 0.35390625 0.10703125 0.09921875
0 0.49921875 0.38671875 0.134375 0.0984375
0 0.6171875 0.41328125 0.14296875 0.10390625
0 0.73671875 0.440625 0.13984375 0.090625
0 0.1515625 0.40078125 0.0875 0.121875
0 0.2453125 0.43359375 0.11015625 0.1265625
0 0.365625 0.46484375 0.09453125 0.14609375
0 0.4671875 0.49296875 0.134375 0.1109375
0 0.58515625 0.54140625 0.13671875 0.11796875
0 0.71640625 0.5875 0.13984375 0.11171875
0 0.19765625 0.5609375 0.10234375 0.15703125
0 0.30859375 0.59453125 0.1109375 0.14375
0 0.43125 0.6421875 0.11015625 0.153125
0 0.5546875 0.69921875 0.13046875 0.13203125
0 0.70234375 0.7421875 0.14765625 0.14375
0 0.12890625 0.69375 0.12265625 0.20625
0 0.25390625 0.753125 0.15234375 0.14296875
0 0.37890625 0.81015625 0.13671875 0.15703125
0 0.52734375 0.8625 0.1328125 0.16015625
0 0.67890625 0.93203125 0.14765625 0.1359375