0 0.10060885916407866 0.2707061919650507 0.08743333338381955 0.10047916264147441
0 0.1998766887078432 0.28692943547222893 0.10412409092176622 0.1364872671462402
0 0.2848910172630245 0.30808564082996026 0.11874567108339526 0.12171412165100604
0 0.38714192536197034 0.34689695048976266 0.11412316737620838 0.10406781280363013
0 0.48346116844188813 0.3780048543053664 0.1499761074712392 0.11698956412238157
0 0.6003475795065835 0.4025082021146157 0.15730612884005507 0.11965476674002691
0 0.7187646570731816 0.4277655263849146 0.1568193386974542 0.1268676924705517
0 0.13523191547613858 0.398135716721817 0.12188161167271767 0.1364068786518004
0 0.22764490855605635 0.42931180438479666 0.14285100989512697 0.14809296885052353
0 0.3466840686321685 0.45846174188562044 0.10028084326965132 0.1475450774141267
0 0.44710056270066956 0.48481396185384834 0.15786686191986346 0.13820604504765815
0 0.5630956358186433 0.5311923096630977 0.1636575937639428 0.15099340574161565
0 0.6924674594309088 0.5749950823912691 0.15739300631151298 0.13136669835528939
0 0.17479979836621345 0.5574873973227821 0.14850147321256718 0.17180760196737452
0 0.284368457948034 0.5891447260573079 0.11959290564607841 0.14729664995863737
0 0.4050828645641051 0.6346600032497062 0.13861647259470278 0.1687074548489349
0 0.5261965192030098 0.6895366436726293 0.1531107187639428 0.15080930935370063
0 0.672101926807664 0.7299280442418222 0.18301176557948012 0.17572793232428197
0 0.10063810368969017 0.691499933036597 0.18607773371626343 0.2222327624784949
0 0.2232187578343033 0.7486930499205697 0.18702147444829614 0.17833517867165777
0 0.345894912473208 0.8035424168045425 0.17794889268021946 0.18559341243795585
0 0.49219956810069593 0.8532951806042604 0.1742857054273653 0.18670051278294872
0 0.6401794702681427 0.9194132840955526 0.15560269566510634 0.1401182597392328