0 0.12124011605673435 0.2674528655919312 0.09523686916779325 0.10836797384158085
0 0.22186759863353916 0.28076404073715633 0.1061415114539499 0.14144000263599246
0 0.3085962723173366 0.29941768734633417 0.11199778323294388 0.11928835721619242
0 0.41392117857793886 0.3352031759737947 0.12244917175386476 0.11704521081415695
0 0.5127232663268868 0.3634672630296786 0.15319322118646853 0.1319317813268329
0 0.6316195992665113 0.38453528019318634 0.16126241785159082 0.1340625636882505
0 0.7521057140573013 0.40631177274958824 0.15639076535622393 0.1285708023669329
0 0.1655580896478645 0.3937221131107318 0.11957715117720173 0.14089580862228052
0 0.2604539273968125 0.42216813668438036 0.12280197719812272 0.13831607966238052
0 0.38185770144342956 0.44781449193722944 0.13655880097262507 0.16372115767100373
0 0.484402348085385 0.4712091424753487 0.14196926174923147 0.12321923407709186
0 0.6040625728576415 0.5141521596388564 0.1589645524702375 0.1464352081258152
0 0.7369222020764018 0.5541328426419644 0.1558345906283387 0.1349797275633799
0 0.21724461913677723 0.551731512201109 0.13306177874010652 0.1752579711532391
0 0.32935523873689065 0.5801582650965932 0.14312006134007813 0.16734166542531542
0 0.4536756816579818 0.6221017084387833 0.14913878790522866 0.17776172337607415
0 0.579104756793058 0.6733837644774205 0.15785220301446704 0.15925305851870936
0 0.7282615086071565 0.7094753141059171 0.17313928309590523 0.17263972978621495
0 0.15313253383489997 0.6877460949137667 0.17514449915656422 0.23006160478621496
0 0.28020595452347247 0.7412991263452982 0.18512403114476822 0.18080272683950901
0 0.4071975296585488 0.7925084077768295 0.1548822150377756 0.1747143156527212
0 0.5574629136866325 0.8379385701017732 0.14200957050520024 0.1690448969699859
0 0.7105904028868592 0.8981033205160578 0.16116073320977692 0.1479024607105856