0 0.06640625 0.10819037540538945 0.1328125 0.2163807508107789
0 0.18866196331954607 0.1048762349824663 0.14745121619389648 0.20311896743001281
0 0.3071028806492735 0.13351152394269214 0.1635578846972372 0.228004487011885
0 0.4308221913192279 0.11144738351976899 0.15710561736154421 0.21051258035608367
0 0.5744540126511826 0.12411279910320028 0.16984197469763487 0.23104326866768635
0 0.6893613973185916 0.12064865421605027 0.19002720536281678 0.2204603246740408
0 0.8150699219844098 0.12909417410155263 0.1792351560311804 0.23276940990138845
0 0.946638095321455 0.1040414013733812 0.10672380935709 0.1768273271096728
0 0.06425230931731893 0.3441142386359143 0.12850461863463786 0.21635347727182852
0 0.18036601595322943 0.34774952759614014 0.16458217319779403 0.232123095473729
0 0.3084455626193658 0.353892207790068 0.1701891453592374 0.19375221793716157
0 0.4231984059516386 0.36370931290291797 0.19432194453173715 0.2371334802137855
0 0.5553387439529113 0.3566389269442217 0.15256597753221435 0.23991953804686386
0 0.6797569412794571 0.40882081006024895 0.12149779086766888 0.25499906726785715
0 0.8084091999522748 0.36574474025417675 0.127933739029669 0.2207433890007648
0 0.9210819226209566 0.35286468505860125 0.15310900803627092 0.2698057597392326
0 0.05885518996659245 0.6034210547885385 0.1177103799331849 0.222467109577077
0 0.17033484591823106 0.6054392966708636 0.2012737880330894 0.2472137394466932
0 0.3056274559198219 0.596079707790068 0.17758629469683954 0.22532026136243816
0 0.43195359858373106 0.6186013644450455 0.13685020770010076 0.24862776846499166
0 0.5469518899188673 0.6073247195578955 0.20404238986910067 0.26698462144748747
0 0.6845155245862764 0.6042560409855254 0.20403543503340754 0.24960521813985626
0 0.8125768899188675 0.6119612211794533 0.12875148853237342 0.2406754915778711
0 0.9114411039147313 0.6441618409027999 0.16573627737108937 0.2809614480508353
0 0.056528526615229634 0.8588761680190633 0.11305705323045927 0.20212733603812652
0 0.16338322254936904 0.8670898628234877 0.13939113235995332 0.19848700304289232
0 0.2946514038829145 0.8678183400953163 0.1493409801977145 0.2312712409689631
0 0.4281269752148691 0.8803064776755705 0.11313744135899881 0.19099892126547421
0 0.5547894725493691 0.873921884330548 0.19764452969843038 0.23738674898405493
0 0.6744298105506417 0.866633310060249 0.12211981736353258 0.22454736322970098
0 0.7985940165500054 0.873489056406801 0.15088502519294203 0.1961490828926511
0 0.9214138985519144 0.8615675292144026 0.13989993602799872 0.20865007142762987