0 0.06166257719703098 0.10546875 0.12332515439406196 0.2109375
0 0.19279891693047427 0.1015625 0.14820790116103102 0.2001953125
0 0.31232180674305987 0.128125 0.17403971115374856 0.2220703125
0 0.4351455413036536 0.10703125 0.18279108260730728 0.2140625
0 0.5798586477301444 0.11328125 0.17846729546028878 0.2265625
0 0.6937392913036536 0.10703125 0.16872858260730722 0.2140625
0 0.8190120759433898 0.11640625 0.17239915188677948 0.2328125
0 0.9453125 0.08828125 0.109375 0.1765625
0 0.0701356214036785 0.34296875 0.12672293903379805 0.2203125
0 0.19439983551030118 0.34453125 0.1945490265733692 0.235546875
0 0.3226384957768579 0.3484375 0.17391167902129495 0.1908203125
0 0.43770956630997127 0.35625 0.16513280829348465 0.2314453125
0 0.5694680316702352 0.346875 0.16922091471997547 0.2376953125
0 0.695922883082161 0.396875 0.1832977865858723 0.2650390625
0 0.8227294239901033 0.3515625 0.14385929191384755 0.2185546875
0 0.9240716489837857 0.33671875 0.1518567020324287 0.2640625
0 0.07687868104973224 0.6015625 0.12502404671393 0.215625
0 0.19487016310304356 0.60234375 0.1568196159934022 0.234375
0 0.32968543230337344 0.590625 0.15922855631409494 0.209765625
0 0.45683896568946836 0.6109375 0.11668185221997529 0.2376953125
0 0.5712962707831755 0.59765625 0.1836698596262682 0.2509765625
0 0.7086371464099962 0.5921875 0.20094469487303926 0.247265625
0 0.8369212707831755 0.59765625 0.12463283458669708 0.2357421875
0 0.9305299006331381 0.628125 0.1389401987337237 0.28125
0 0.07886604453585193 0.8578125 0.11363190564770317 0.2
0 0.19857915096234266 0.8640625 0.1468236646210475 0.199609375
0 0.32978368685571996 0.8625 0.14111146084033824 0.2248046875
0 0.4636729535487675 0.87265625 0.11326819279472175 0.1875
0 0.5899854009623426 0.8640625 0.17235368778015675 0.23125
0 0.7092438663226066 0.8546875 0.18182529900673003 0.2345703125
0 0.8335990086424745 0.859375 0.18314401656086615 0.2060546875
0 0.9451727253228868 0.8453125 0.10965454935422655 0.20625