0 0.05859375 0.10546875 0.10234375 0.20703125
0 0.18984375 0.1015625 0.11484375 0.18671875
0 0.30859375 0.128125 0.1125 0.21171875
0 0.4328125 0.103125 0.13984375 0.20234375
0 0.5765625 0.11015625 0.121875 0.2203125
0 0.69140625 0.10390625 0.13984375 0.2078125
0 0.81640625 0.11328125 0.1140625 0.2265625
0 0.9484375 0.08828125 0.103125 0.17265625
0 0.05390625 0.34375 0.09765625 0.20859375
0 0.184375 0.34453125 0.13828125 0.215625
0 0.3125 0.3484375 0.134375 0.16953125
0 0.42734375 0.35625 0.13359375 0.21796875
0 0.559375 0.346875 0.11484375 0.22421875
0 0.684375 0.396875 0.11796875 0.25234375
0 0.8125 0.3515625 0.0953125 0.20859375
0 0.93359375 0.3375 0.121875 0.253125
0 0.05859375 0.60234375 0.1171875 0.2140625
0 0.17734375 0.60234375 0.1390625 0.228125
0 0.3125 0.590625 0.146875 0.2046875
0 0.4390625 0.6109375 0.1078125 0.23671875
0 0.55390625 0.59765625 0.16484375 0.24296875
0 0.69140625 0.5921875 0.1421875 0.228125
0 0.81953125 0.59765625 0.10546875 0.23046875
0 0.93515625 0.628125 0.125 0.2671875
0 0.04921875 0.85859375 0.09765625 0.190625
0 0.1734375 0.8640625 0.1328125 0.19375
0 0.3046875 0.8625 0.12265625 0.21796875
0 0.43828125 0.87265625 0.1046875 0.1859375
0 0.56484375 0.8640625 0.1390625 0.2171875
0 0.684375 0.8546875 0.11875 0.22265625
0 0.80859375 0.859375 0.13515625 0.18359375
0 0.93515625 0.84609375 0.10390625 0.19375