0 0.164423184643995 0.4110385920194082 0.12208025751900267 0.09472297501590835
0 0.25581838930283635 0.2778090160327712 0.11503185775648754 0.07941587468172662
0 0.39942894843880494 0.3513112453850885 0.12978707654882315 0.10769541601686292
0 0.31810478459856645 0.49793115937299814 0.1310895266562085 0.12137410901694246
0 0.763047713138126 0.3172844274347226 0.08036526967413238 0.09579912434356767
0 0.6729859571452322 0.37167138808876865 0.07691521257331395 0.07838676717655631
0 0.7707008401164904 0.47821283676794984 0.08397467873678721 0.09018051517743135
0 0.8522540552907814 0.41045371944617665 0.08300835213117849 0.09036446434396535
0 0.6419151780852743 0.6726884480824052 0.07169295454527003 0.0793019676758405
0 0.5513654211878694 0.702865749403224 0.10798123628986112 0.11993405934714722
0 0.6918100367462732 0.7755503660884504 0.08393981852077914 0.10813790184396535
0 0.5923766027796467 0.8149935794079965 0.10429741463117832 0.09061218501352215