0 0.15488034593514244 0.40438242123672674 0.12030597139736088 0.09785591860039697
0 0.24940793276559187 0.2665699079898828 0.12345370345067222 0.09874629600505855
0 0.3913430316702352 0.3335614566312712 0.12164833679719589 0.10375621637714509
0 0.3065768897460786 0.4843278376641299 0.12182810317683312 0.11664002091435358
0 0.7558541610579794 0.2825123002858509 0.0844139355039836 0.09816345344678723
0 0.6644993868430846 0.3412275905745369 0.08869585151085353 0.09109376159098836
0 0.7597557140401158 0.4434770821370163 0.08908438646400008 0.0977412070537799
0 0.8429115433487177 0.3717533603599847 0.0809231326041484 0.09218813057933417
0 0.6263989594212621 0.6444270016444624 0.06585415211788863 0.07722347086998234
0 0.5351207415537157 0.678896260081983 0.10521308460332364 0.12230346111429694
0 0.6739081084050478 0.7452156861280331 0.09646589324347232 0.11672992325147717
0 0.5735276751772375 0.7893873267795387 0.1018102040774929 0.09252729509800943