0 0.2375 0.1671875 0.23828125 0.1703125
0 0.4984375 0.1671875 0.2203125 0.1671875
0 0.76328125 0.16328125 0.2421875 0.17265625
0 0.24296875 0.403125 0.24375 0.1609375
0 0.5015625 0.3984375 0.23203125 0.16875
0 0.76015625 0.4015625 0.21484375 0.171875
0 0.24140625 0.64140625 0.2359375 0.159375
0 0.4984375 0.63203125 0.23046875 0.16171875
0 0.76015625 0.6359375 0.23515625 0.1625
0 0.23671875 0.87265625 0.25625 0.16875
0 0.496875 0.871875 0.21796875 0.16328125
0 0.76640625 0.8734375 0.23828125 0.1671875