0 0.20433132196850146 0.23805524412750528 0.2544240610379414 0.28680054263959603
0 0.41217109396881957 0.2417582203083218 0.2274940732117138 0.3383429877603712
0 0.609881887969456 0.24282192979609102 0.30443128954486165 0.3392149075115383
0 0.8208466599697741 0.24661583419015298 0.3112018670532134 0.40091451842470116
0 0.21223253926641217 0.49931099287386405 0.2556619802076572 0.30928989520623507
0 0.4107336739338212 0.49961618441494454 0.1920330122036006 0.27756578638801666
0 0.6121507232654577 0.5179810541692704 0.2176328593749867 0.31306452010730723
0 0.8128501572645032 0.530854441870285 0.2944612613780887 0.3381438238318186
0 0.20115648989500484 0.7795524223407506 0.28617177504374797 0.33048326227204966
0 0.39573319322886846 0.7813064536152744 0.2564795928747481 0.3124376272595466
0 0.5990763692314138 0.768466787476223 0.2249679625338052 0.25548502365374864
0 0.8033456985598685 0.8103600854437942 0.25987490337562313 0.3189795509861198