0 0.0953125 0.15201593865372787 0.190625 0.29596812269254424
0 0.2515625 0.14941655529918338 0.1845703125 0.2568351700250557
0 0.4203125 0.14901547127627535 0.1904296875 0.28151272502585106
0 0.58671875 0.14395415925368546 0.1978515625 0.273005336360192
0 0.753125 0.1435803472310956 0.134765625 0.2630915775182946
0 0.9203125 0.13694744454173302 0.133984375 0.25312154935152187
0 0.084375 0.452143207988546 0.16875 0.270713584022908
0 0.25234375 0.44862621463241065 0.2048828125 0.2672277773611464
0 0.41953125 0.4404308119430481 0.2017578125 0.2621132896940555
0 0.5859375 0.4431819999204582 0.1935546875 0.264947525192942
0 0.75234375 0.4482769378978683 0.1705078125 0.26331216302314664
0 0.9171875 0.4354213072088239 0.153515625 0.25803631602084
0 0.0875 0.7489818453214551 0.175 0.27703630935708984
0 0.2515625 0.7517603052991835 0.1751953125 0.27996826952378306
0 0.41796875 0.7427927432765935 0.19375 0.2762779228596351
0 0.58984375 0.7446990465865946 0.2017578125 0.2652382896940555
0 0.75234375 0.7474956878978682 0.1701171875 0.27131543018976034
0 0.915625 0.7362207385423694 0.16875 0.258213584022908