0 0.2384726684215191 0.16995106269890758 0.2643404070529872 0.21868628203571427
0 0.4994101684215191 0.1729873454009969 0.24532464427012018 0.20635645836647573
0 0.76423119252382 0.17216283143694977 0.24359056374249236 0.1768460895329303
0 0.24531406264254135 0.4059521973663167 0.2688325945529873 0.2187385533696574
0 0.5038805415653025 0.40427370806808777 0.2604682458995359 0.2245002037018507
0 0.7624924722834618 0.41040771876985893 0.2408642730268989 0.21177293703253253
0 0.24513784240218311 0.6442152660327712 0.25580788675656285 0.19554168236790764
0 0.5021145502477053 0.6378310954009969 0.2549779062967218 0.22072563153444164
0 0.7638560261454044 0.6447827187698589 0.23944241315220935 0.16879055103237342
0 0.24179571554596652 0.8754107220321348 0.28135077527114644 0.222009004038021
0 0.5019474203664267 0.8776566640674514 0.24514864878316445 0.20967449819978237
0 0.7714877607255064 0.8823554441040408 0.25284865558955405 0.1904294673675097