0 0.08470405681713332 0.15169313920510716 0.16018267451106122 0.28396030793319005
0 0.25422167004765817 0.14795271022899528 0.17291845373205436 0.25294213301426793
0 0.4229989435866085 0.14656966802235855 0.19530483258737324 0.2826208375595727
0 0.5893506465087077 0.14054003612414734 0.2153786891215578 0.2693035185659271
0 0.7557841700476582 0.13919790422593614 0.20203508512394067 0.27668547179248043
0 0.9196676176947516 0.13252080479183373 0.16066476461049675 0.26504160958366746
0 0.09462807629559858 0.45161131858825615 0.17818309577735916 0.2749023628234877
0 0.26022580275664825 0.4471578234595201 0.17547357365891952 0.26509241832269337
0 0.4273042086008469 0.43798955479183366 0.20667584496575647 0.26290351410170026
0 0.5937922792176978 0.4397724228936225 0.1671579453107494 0.2585039197432042
0 0.7603212601429744 0.4438990409954113 0.17428124350470675 0.26390008816848065
0 0.910539853895034 0.4294665738698525 0.17892029220993208 0.2688432775961401
0 0.1076225486961632 0.7483499508935044 0.19380809577735914 0.27517509821299113
0 0.2647356193130142 0.7502964602289952 0.19177216162552932 0.2815829095969343
0 0.43101913838773764 0.7403605783307841 0.1985330968934159 0.277405356329842
0 0.6029623222351136 0.7412667390462466 0.17831704281472086 0.27139014701585645
0 0.7655441428519645 0.7431177909954114 0.1901005674697279 0.2753056360579841
0 0.9139939107121673 0.7310154371003772 0.17201217857566534 0.2594410040571898