0 0.11682578371934035 0.08511534338414171 0.20552656743868072 0.17023068676828343
0 0.3245473647413889 0.07937284085005894 0.18920132800585954 0.13291882652535947
0 0.5260734971502083 0.07663768452878825 0.17418061260404513 0.14200988302433318
0 0.7145547689017014 0.08413604625969431 0.19070976652687505 0.1557760704997842
0 0.8902269161281599 0.08128025361423728 0.18982883225631966 0.16256050722847457
0 0.12400511692559046 0.22509038270994902 0.18013025337161465 0.1123610170504216
0 0.32240624933440987 0.2223734071068376 0.2000212865449047 0.16149353885937695
0 0.5247318155388196 0.22041495560602709 0.17942677441065982 0.14086868798622693
0 0.7161926169255904 0.22164513661877389 0.17835929293270852 0.13695675651180214
0 0.8958801169255904 0.22059974532461793 0.18108003008601586 0.13638672714019148
0 0.1265696853142017 0.36884492788948886 0.18549948240365466 0.1332878619225454
0 0.3186844501318406 0.3646018137226959 0.17917203796980044 0.1215338867811119
0 0.5257338839274308 0.36417859114464657 0.17753712939263036 0.13519439883226222
0 0.7163770677230211 0.36385081733693314 0.16529104932051233 0.1124699711391652
0 0.9016242367009726 0.3666798597859985 0.16679477859003491 0.12673460140847492
0 0.1298609523160421 0.5102511778894889 0.17954513238459216 0.15434411419134192
0 0.3298427685204518 0.5083063619272978 0.19543801676435776 0.1491638528719081
0 0.5392541361116324 0.5086507538106291 0.16119419607200527 0.12103872265169624
0 0.7220302685204519 0.5060246817983137 0.18420486678342024 0.12800760665323557
0 0.9009365185204518 0.5049838356836975 0.18480054939159735 0.16199084535835073
0 0.13458743274875054 0.6461795875304093 0.19598742337058175 0.13920746055144786
0 0.3375124109972575 0.636404090850059 0.19212679616215295 0.14953516085886384
0 0.5391658299752089 0.6391376845287883 0.18696246143569456 0.1541919808969702
0 0.7289550285884381 0.6356894559006147 0.18758476652687506 0.15575788978162491
0 0.9047544623840285 0.6354480405041578 0.1845958183886111 0.1448044816532356
0 0.14867072938586873 0.7812722050168519 0.20070723492065118 0.16579382274403187
0 0.339313913181459 0.7809444312091385 0.17933601873530397 0.14535973919134193
0 0.5384599279990978 0.7766604104264873 0.17220004860806437 0.1324293438703686
0 0.7306656117946881 0.7763235462596944 0.1845232465088456 0.15007678285835055
0 0.9126261898675718 0.7752554290678393 0.17474762026485635 0.13051030771691713
0 0.137826761205348 0.9196352682485684 0.17006946829846364 0.1164034922164042
0 0.3400795922273966 0.914551816747758 0.18376439964814253 0.13425419776858086
0 0.5408608422273966 0.9133837056060271 0.16648127141869792 0.12165534011359007
0 0.7322307246362161 0.9107076366187739 0.18111656097979179 0.14634652834530648
0 0.9958016089448967 0.8544793207547787 0.001399009142282992 0.0013751415641948483