0 0.08203125 0.153125 0.14921875 0.278125
0 0.2515625 0.15234375 0.13984375 0.2359375
0 0.4203125 0.15390625 0.13203125 0.2640625
0 0.58671875 0.15078125 0.14296875 0.253125
0 0.753125 0.15234375 0.13125 0.26015625
0 0.9203125 0.14765625 0.1328125 0.2515625
0 0.084375 0.45390625 0.1421875 0.25703125
0 0.25234375 0.4515625 0.14296875 0.2484375
0 0.41953125 0.4453125 0.13515625 0.2484375
0 0.5859375 0.45 0.14140625 0.24453125
0 0.75234375 0.45703125 0.13671875 0.246875
0 0.9171875 0.44609375 0.1421875 0.25
0 0.08359375 0.75078125 0.14453125 0.2578125
0 0.2515625 0.7546875 0.13515625 0.26328125
0 0.41796875 0.74765625 0.1359375 0.25859375
0 0.58984375 0.7515625 0.13359375 0.253125
0 0.75234375 0.75625 0.13515625 0.25546875
0 0.91875 0.74765625 0.1390625 0.24140625