0 0.2484375 0.43359375 0.0765625 0.10859375
0 0.35859375 0.43125 0.07265625 0.11171875
0 0.4671875 0.43671875 0.084375 0.11875
0 0.5828125 0.4328125 0.0796875 0.1078125
0 0.24921875 0.55625 0.07578125 0.11328125
0 0.36015625 0.54921875 0.08125 0.10859375
0 0.46796875 0.55 0.06875 0.10703125
0 0.58046875 0.55078125 0.07734375 0.115625
0 0.25 0.67109375 0.0828125 0.10703125
0 0.35703125 0.671875 0.08046875 0.10625
0 0.46875 0.67109375 0.07890625 0.1078125
0 0.58359375 0.6671875 0.08046875 0.11015625
0 0.6984375 0.7765625 0.00078125 0.14296875