0 0.11484375 0.0828125 0.1796875 0.1328125
0 0.32265625 0.08125 0.18046875 0.12265625
0 0.52421875 0.0796875 0.15546875 0.1171875
0 0.7125 0.08828125 0.1671875 0.1234375
0 0.8890625 0.08359375 0.16171875 0.13515625
0 0.11875 0.22578125 0.17578125 0.109375
0 0.3171875 0.22421875 0.17734375 0.12109375
0 0.51953125 0.2234375 0.1609375 0.115625
0 0.7109375 0.22578125 0.16484375 0.1203125
0 0.890625 0.22578125 0.16796875 0.11953125
0 0.11796875 0.36953125 0.171875 0.11484375
0 0.31015625 0.36640625 0.17109375 0.11171875
0 0.5171875 0.3671875 0.16015625 0.10703125
0 0.7078125 0.36796875 0.16171875 0.11171875
0 0.89296875 0.371875 0.15859375 0.11875
0 0.11796875 0.5109375 0.15703125 0.11640625
0 0.31796875 0.51015625 0.17578125 0.1171875
0 0.52734375 0.51171875 0.15546875 0.11328125
0 0.71015625 0.51015625 0.171875 0.1109375
0 0.8890625 0.51015625 0.16171875 0.121875
0 0.11953125 0.646875 0.18359375 0.12109375
0 0.32265625 0.63828125 0.1765625 0.103125
0 0.52421875 0.6421875 0.16640625 0.1140625
0 0.7140625 0.63984375 0.1640625 0.1203125
0 0.88984375 0.640625 0.165625 0.109375
0 0.13046875 0.78203125 0.18125 0.11953125
0 0.32109375 0.7828125 0.15859375 0.11796875
0 0.5203125 0.7796875 0.1578125 0.11484375
0 0.7125 0.78046875 0.16328125 0.11640625
0 0.89609375 0.78046875 0.16875 0.11953125
0 0.11640625 0.9203125 0.16484375 0.11015625
0 0.31875 0.91640625 0.16796875 0.1140625
0 0.51953125 0.91640625 0.1609375 0.1171875
0 0.7109375 0.91484375 0.1609375 0.1109375
0 0.97578125 0.86015625 0.00078125 0.00078125