0 0.21378266983346816 0.24046712699575687 0.25813239207213207 0.28967890689110265
0 0.42152697367353414 0.24659108748961095 0.2211561450906805 0.33967360710981576
0 0.6190468313536661 0.24995746250820144 0.25929231391824353 0.3094293445146755
0 0.829916135193732 0.2562087569944443 0.3266401827489652 0.4048370039822185
0 0.23231267563945587 0.5018502959691176 0.27352530431807853 0.3158617224804251
0 0.43059105126627656 0.5044672544858053 0.22301951613190116 0.2964415661022045
0 0.632517264119258 0.5251802969948818 0.2646199043774352 0.3383233246287344
0 0.83350310259906 0.5403927560058611 0.30021792649738577 0.34152956129215684
0 0.23266098277822717 0.7820007109881457 0.23152593088513002 0.3004947137067493
0 0.4270785725116705 0.7860210020143473 0.23716726133181876 0.2999442565679541
0 0.6296580032321983 0.7755477115196182 0.2416073859194805 0.26481552855463447
0 0.83539117768452 0.8198255880210835 0.2626368613911755 0.3238065326325401