0 0.24139133225631956 0.15474065242027774 0.2667964116159897 0.22349195937862465
0 0.5023288322563195 0.14106549751360914 0.225793607949705 0.17998735102842475
0 0.7670816632783681 0.12327937471911621 0.27264685802079003 0.23179661281597003
0 0.25235158852458367 0.39039154737732357 0.24955808966513898 0.1785017551441535
0 0.510836235751042 0.37215172320334966 0.2547776289887501 0.2099871807151515
0 0.7695027209334031 0.3617243990293757 0.23719041209095515 0.20867532521994175
0 0.2563351461796186 0.6287546845324533 0.26442100327630225 0.23039014275153882
0 0.5131481906325353 0.6059092475136092 0.2412733008875783 0.18294442418533094
0 0.7749578596104867 0.5960993990293757 0.2529060044637156 0.19662404356002164
0 0.257030049674341 0.8602503459978426 0.2780561840799307 0.2127677521477067
0 0.5171681158787507 0.8458348846687389 0.24461683303985265 0.20925960170680816
0 0.7867357334699313 0.8332718504088567 0.24273124406293417 0.17853412384046088