0 0.11208046628065964 0.09179963410204497 0.20396406743868073 0.1819611734939967
0 0.32076513525861106 0.10004258653523683 0.20201077913608517 0.17346035507461582
0 0.5223640028497917 0.11021976529090535 0.1771786526401044 0.16245670970328424
0 0.7104452310982985 0.12977964932236316 0.19125495378939233 0.17224875640062187
0 0.8871168338718401 0.1353757438912821 0.1847869115449047 0.1708967971962255
0 0.11349488307440954 0.23269764988706054 0.18340072373633687 0.1281006083808075
0 0.3119687506655901 0.24269281811938534 0.19700506271325527 0.1595154642896003
0 0.5143306844611804 0.25369674950588983 0.1817072077312849 0.16428084983059082
0 0.7056823830744096 0.2671886440606913 0.17751439964814253 0.14336158733412016
0 0.8853698830744096 0.277654249152954 0.17500244953893224 0.13599851694161239
0 0.1093678146857983 0.37640214725622456 0.19116858076033866 0.16853781890062186
0 0.3016280498681594 0.38447079444186205 0.1857038868014497 0.14325342745789732
0 0.5086411160725691 0.3973102416133821 0.17816414373530395 0.1545171511495381
0 0.6992479322769789 0.40919413353734757 0.17744621041467887 0.14043189983412016
0 0.8843132632990276 0.42388450704546177 0.16117146632751728 0.12836628340198364
0 0.10607654768395791 0.5178083972562246 0.1732493462904255 0.14447851036452253
0 0.3060947314795482 0.5286758207502213 0.18315556910105907 0.13432785706538972
0 0.5154333638883676 0.542433025814249 0.17092378008601586 0.14512325247201474
0 0.6982822314795482 0.5515181414298554 0.18096167211208342 0.13224959983059073
0 0.8771884814795481 0.5619382438912821 0.1821749505599481 0.15923685180371763
0 0.10447506725124947 0.6538369025178964 0.20289204001183175 0.17780273270545166
0 0.3078000890027425 0.6570738365352369 0.19211770426435776 0.15903576034687586
0 0.5092716700247911 0.6727197652909054 0.18697155333348975 0.1641973675887332
0 0.699169971411562 0.681433154584035 0.1716866829878299 0.13600044326055957
0 0.8749330376159717 0.692452496522118 0.17465712072531261 0.1295418287839034
0 0.11226677061413129 0.7896301893495995 0.20250579765813378 0.1695882320477427
0 0.302873586818541 0.801514081273565 0.17978119512207477 0.15695190641121
0 0.5021650720009021 0.8099922521367258 0.16769405995877626 0.13206199260637996
0 0.6943343882053119 0.8219671493223633 0.17880901526837684 0.14870327878037407
0 0.8779281382053119 0.8326602675688054 0.19006944094269967 0.17159456495436806
0 0.09498573879465201 0.9270923919945527 0.17046918519625878 0.12559200247201474
0 0.29742040777260337 0.9300723523587632 0.18507265311506957 0.1398552952824737
0 0.4982016577726034 0.9377416997935326 0.1737852783525522 0.12451660041293486
0 0.6896442753637839 0.9479615309500045 0.16274744087161466 0.10407693809999116
0 0.9557608910551034 0.9169890359140698 0.001399009142282992 0.0014468171039631272