0 0.33971596409203825 0.15823169827935665 0.1667850268573244 0.1667850268573244
0 0.483942687062871 0.2114163064942213 0.17421839502638575 0.20237394476806764
0 0.6295910094679698 0.2888287550681655 0.1519357256031114 0.19931471965118314
0 0.26162225946796974 0.2866879755049156 0.15908261724095302 0.1520922738568113
0 0.1554035548439013 0.41498062626704135 0.17282166385937697 0.19728786570387302
0 0.411258645104785 0.35006064997655884 0.12691514207497048 0.1620610352007942
0 0.3206467597625574 0.4815692043294809 0.1257399884105274 0.19506089363659954
0 0.5687984343323965 0.3978537762436003 0.12797906906090012 0.14351316547010393
0 0.4797081423743105 0.5364026709556018 0.14722536948520074 0.16178858486882924
0 0.7697599288714475 0.7709105229239507 0.1844884047350927 0.25555689580720015
0 0.8459058349963264 0.4400923149802324 0.16340488138905726 0.2571919884596255
0 0.8610591780858806 0.252674128211949 0.15077862243661572 0.20184696438187338