0 0.3497255261671849 0.14237059482962267 0.17878525641826873 0.17582930646351858
0 0.49730545243319185 0.18882514768164144 0.1623768978433464 0.19854259438180738
0 0.6478584602551124 0.25943478353746585 0.12068625640062187 0.191972606482656
0 0.27988971025511244 0.274428361141245 0.1695336445900951 0.16083865885897372
0 0.18192889434304 0.4076321333843665 0.2162316839996936 0.22996435537979512
0 0.4335299207219864 0.33081632950658346 0.14566561366012612 0.16921886204343634
0 0.35137611533325763 0.46650843178776097 0.1772129425675571 0.21239684734755696
0 0.5940725785721419 0.3712609628909499 0.14203256170111658 0.1536777573000961
0 0.5138907968609365 0.5139206481759331 0.14339782288216937 0.15704582004724194
0 0.818856830850042 0.734859253385679 0.1888914221256382 0.2623643492011503
0 0.87378246537561 0.4005850710664454 0.14579753989083954 0.25846506930580465
0 0.8769243339749881 0.21251206810069592 0.16703779389003373 0.20496767862134196