0 0.340625 0.15625 0.14140625 0.14140625
0 0.48515625 0.20859375 0.1328125 0.18046875
0 0.63125 0.28515625 0.1078125 0.1859375
0 0.26328125 0.28515625 0.1359375 0.125
0 0.1578125 0.4140625 0.16796875 0.19296875
0 0.41328125 0.34765625 0.10234375 0.1484375
0 0.3234375 0.4796875 0.1171875 0.19140625
0 0.57109375 0.39453125 0.11484375 0.13203125
0 0.4828125 0.53359375 0.13515625 0.1515625
0 0.77421875 0.76640625 0.12265625 0.24140625
0 0.8484375 0.43515625 0.10859375 0.2453125
0 0.8625 0.24765625 0.109375 0.18515625