0 0.08083871712555882 0.15774195533113405 0.15855243425111765 0.31539298244902275
0 0.25094666558343126 0.1509787929530063 0.22064333116686258 0.29377404671393
0 0.4276182597392326 0.16236623700136926 0.21773651947846523 0.30618311850068464
0 0.594051783278183 0.1687706643566848 0.21261407497767096 0.3034962976541609
0 0.7378154200476581 0.17373461216597147 0.1968322521287064 0.2940572815879341
0 0.90078125 0.1887100574679757 0.1984375 0.33077394154108053
0 0.10307182183137172 0.4473045605039836 0.19632516964062105 0.33210912100796713
0 0.2618428498345489 0.46207541732618573 0.2386451845555717 0.307377138426763
0 0.41736614691244966 0.46972409593514247 0.29390829311835104 0.38668002510524546
0 0.596603633519769 0.44917121819675077 0.22058240929165668 0.3238351226739465
0 0.759349095370322 0.4679619852855096 0.20926890959611058 0.31315962841425987
0 0.9009330288139562 0.4980168613080417 0.19813394237208753 0.3777853338609486
0 0.11031117207295775 0.7278415066639176 0.20093084902377 0.3275580133278352
0 0.26285947361508527 0.743993007059629 0.2429059905619261 0.3278032986933198
0 0.4205083323813833 0.7392098818285198 0.25849348944586936 0.32610950225954644
0 0.5928606193130141 0.7715546835570148 0.28512990178288966 0.42058692796550934
0 0.7665202617645323 0.7445926814454437 0.24505101886955744 0.32767049933992604
0 0.908020600241586 0.7700282536279097 0.183958799516828 0.37126254922121227