0 0.07890625 0.15390625 0.134375 0.30703125
0 0.24921875 0.13984375 0.1890625 0.2796875
0 0.42578125 0.146875 0.16796875 0.28671875
0 0.59140625 0.1515625 0.146875 0.28046875
0 0.73515625 0.15234375 0.1515625 0.27109375
0 0.9109375 0.1625 0.16796875 0.30625
0 0.0828125 0.4453125 0.165625 0.30625
0 0.25390625 0.4546875 0.16484375 0.28203125
0 0.409375 0.4578125 0.19765625 0.35703125
0 0.5890625 0.43203125 0.15859375 0.2984375
0 0.7515625 0.44609375 0.1640625 0.28828125
0 0.91875 0.47265625 0.16171875 0.35625
0 0.07734375 0.72578125 0.1546875 0.30859375
0 0.25 0.73671875 0.15546875 0.30859375
0 0.4078125 0.72734375 0.17734375 0.296875
0 0.5796875 0.7546875 0.18046875 0.396875
0 0.75390625 0.72265625 0.1515625 0.3140625
0 0.90546875 0.74453125 0.16171875 0.35390625