0 0.0828125 0.15914187622353534 0.165625 0.3182837524470707
0 0.24425345308789215 0.15089041052177152 0.2146180938242157 0.2915228450053421
0 0.41978916642740327 0.16406007703399278 0.2197966671451935 0.30574903611233467
0 0.586113570873907 0.17221486133222894 0.1777201531707478 0.2962816445749843
0 0.7298362890227416 0.17801597194666768 0.1868359755846763 0.28918715178896937
0 0.8904191249575909 0.1937922832867458 0.21916175008481806 0.33225697241000385
0 0.09662448493905754 0.4480778906515056 0.19324896987811507 0.3305307813030112
0 0.23802821262172094 0.46355410162876404 0.2181138797358984 0.30783608944721247
0 0.3933878352170592 0.4721081900106842 0.30322301707569305 0.3876674497451651
0 0.5739756363055184 0.4526017657787326 0.21039500759408475 0.3214168175099754
0 0.7359845629845406 0.4723388908211417 0.19439922168240215 0.30466706344945826
0 0.8874007300449162 0.5042213517984001 0.20522822485707443 0.38014883538669525
0 0.08470978358044595 0.7283011039910168 0.1694195671608919 0.33160220798203355
0 0.22427321435100148 0.7454489423729369 0.24236983527086126 0.3320920449821754
0 0.3824130965649866 0.7415848763083535 0.1978491229754379 0.3084939488169113
0 0.5533332317741967 0.7749306335647475 0.29505523898976327 0.42191038003118
0 0.7286705376719791 0.748983236374638 0.16252980416850207 0.319355179126093
0 0.8724651776905127 0.7751241288402422 0.21611116115474366 0.37896828130301136