0 0.08515625 0.065625 0.1703125 0.13125
0 0.3046875 0.0625 0.18984375 0.12421875
0 0.50078125 0.07109375 0.19609375 0.14140625
0 0.70625 0.06796875 0.1859375 0.13515625
0 0.90546875 0.0625 0.1890625 0.125
0 0.09453125 0.2015625 0.1890625 0.134375
0 0.29296875 0.20859375 0.20390625 0.13125
0 0.49453125 0.20546875 0.17578125 0.1546875
0 0.709375 0.209375 0.20546875 0.15703125
0 0.9171875 0.22265625 0.16484375 0.178125
0 0.09140625 0.3515625 0.18203125 0.13203125
0 0.29609375 0.3578125 0.2078125 0.1546875
0 0.49296875 0.36015625 0.21796875 0.15625
0 0.7078125 0.3578125 0.20390625 0.1875
0 0.91328125 0.3640625 0.1734375 0.1625
0 0.09453125 0.50625 0.1890625 0.15
0 0.2953125 0.49921875 0.2140625 0.13828125
0 0.5125 0.5046875 0.23046875 0.1515625
0 0.71015625 0.50078125 0.2140625 0.14375
0 0.90703125 0.50390625 0.18515625 0.16484375
0 0.0875 0.64765625 0.17421875 0.15546875
0 0.29375 0.65234375 0.19765625 0.1328125
0 0.50078125 0.63828125 0.20703125 0.1515625
0 0.71015625 0.6453125 0.20859375 0.1546875
0 0.9125 0.6484375 0.175 0.1328125
0 0.08828125 0.79453125 0.1765625 0.1390625
0 0.2859375 0.79375 0.19765625 0.14765625
0 0.50546875 0.7953125 0.22890625 0.14453125
0 0.70703125 0.79765625 0.2 0.14921875
0 0.9171875 0.8 0.16484375 0.15
0 0.09140625 0.9328125 0.18203125 0.13359375
0 0.29453125 0.93671875 0.21015625 0.1265625
0 0.496875 0.93671875 0.215625 0.1265625
0 0.70703125 0.93046875 0.20546875 0.1390625
0 0.9078125 0.93203125 0.18359375 0.1359375