0 0.090625 0.07421875 0.18125 0.1484375
0 0.30316990599140947 0.06328125 0.19678518801718106 0.1265625
0 0.499081842655955 0.07890625 0.21746131468808994 0.1578125
0 0.7046324086569096 0.071875 0.20011018268618094 0.14375
0 0.9039511559914095 0.06328125 0.19209768801718105 0.1265625
0 0.09857331265913671 0.20078125 0.19714662531827343 0.1796875
0 0.29054154197168314 0.20859375 0.22524213418999892 0.171875
0 0.49214040463877406 0.20546875 0.20115519885820343 0.183203125
0 0.7069387013049104 0.209375 0.2305452531926239 0.1912109375
0 0.9052307506365469 0.221875 0.18681129869508978 0.209375
0 0.09455742731540992 0.35078125 0.18911485463081984 0.1734375
0 0.29193022461809315 0.3578125 0.22551017202418072 0.178125
0 0.488777952617775 0.36015625 0.2444103048615442 0.2078125
0 0.7036489746180932 0.3578125 0.21775689819381688 0.2
0 0.9051478399506842 0.36328125 0.1833044906906352 0.1765625
0 0.09760006397200129 0.50546875 0.19520012794400257 0.1859375
0 0.2895035639322304 0.49921875 0.2272246670213968 0.1576171875
0 0.5066274292648213 0.5046875 0.2526407018618624 0.21015625
0 0.7043291325986849 0.50078125 0.23814198669238512 0.189453125
0 0.8964893605983668 0.503125 0.19749426002545328 0.1875
0 0.08974156329568354 0.646875 0.1794831265913671 0.184375
0 0.2861592932447768 0.65234375 0.21823361085693077 0.173828125
0 0.49335417524668584 0.63828125 0.2326188295273624 0.2015625
0 0.7026473592457313 0.6453125 0.21256486618793105 0.156640625
0 0.9026109965786404 0.6484375 0.18136018268618095 0.14375
0 0.08965919995227492 0.79375 0.17931839990454984 0.18125
0 0.2767013825589141 0.79375 0.2182767915241012 0.1775390625
0 0.4962144512253686 0.7953125 0.25127110485955556 0.1931640625
0 0.6977496792250504 0.79765625 0.22571698469326015 0.1958984375
0 0.9000752478915051 0.79921875 0.18341357869190772 0.1859375
0 0.09115751794241174 0.92421875 0.18231503588482348 0.1515625
0 0.2829957412078694 0.92421875 0.22988858935390813 0.1515625
0 0.4860843785407785 0.92734375 0.2329408640197263 0.1453125
0 0.6954684692075512 0.9265625 0.21420904535327184 0.146875
0 0.8962042658736877 0.93046875 0.1875556386855443 0.1390625