0 0.08859551051544959 0.065625 0.17719102103089918 0.13125
0 0.30775494629109834 0.06761316325300167 0.21550989258219663 0.13522632650600333
0 0.5038896398686632 0.06266108176767517 0.21402927973732636 0.12532216353535033
0 0.7093993334462281 0.05743598449733313 0.21254866689245625 0.11487196899466626
0 0.9046875 0.03892963722699109 0.190625 0.07785927445398218
0 0.10817874943417312 0.19509342114550945 0.20358310266810498 0.1691881577089811
0 0.3039006852098219 0.1915302634365283 0.23257732318479177 0.1911273767613654
0 0.5052994108995624 0.17666558468085977 0.2144824204258297 0.20253531362130323
0 0.7203478787873867 0.1680586112009805 0.2344571359109194 0.19727306952303728
0 0.9125276554724955 0.16969118770698385 0.17494468905500896 0.21524411035393448
0 0.1136961663266293 0.34522992903801725 0.19922315128862395 0.17516514192396554
0 0.31484590852471317 0.3405670029131846 0.23618424072774583 0.1967895129424182
0 0.5118437392574078 0.3314440899425316 0.2528627073434745 0.2215163149014276
0 0.7265646585247132 0.3165871164626524 0.2367225905976463 0.2256388846538732
0 0.9148957389187234 0.3104071929686557 0.17020852216255306 0.19667612087727812
0 0.12414674468447473 0.4997809211455094 0.20407442559888342 0.1785631577089811
0 0.3214754460639557 0.48201875554402046 0.24069939153622882 0.18634309254285167
0 0.5389495511069098 0.47483777417163353 0.26386162270982183 0.22332522673313057
0 0.7364010832190855 0.4594193585701446 0.22498725152610888 0.16147785637238704
0 0.9097003058566082 0.4507514719078509 0.18059938828678349 0.21798967875566855
0 0.12296378222371729 0.6416877000847047 0.1868050384437537 0.17599959983059071
0 0.32793788726667145 0.6352347608056924 0.22562796033992144 0.19228035308384223
0 0.5342321528705036 0.6091140636341723 0.23938006148191757 0.2020382728080527
0 0.7439756450685875 0.6039506085701445 0.24289236445565016 0.2170412820159786
0 0.9209487443457904 0.5948731982303276 0.15810251130841912 0.18435813140062188
0 0.13534867480591395 0.788289684299689 0.19650758706427268 0.18279563140062188
0 0.32753617480591396 0.7770960371140516 0.231105285221179 0.20019330768427573
0 0.5471493119610438 0.7658722978491568 0.25933098315195763 0.21118365107895087
0 0.7488346426937383 0.7564763690934883 0.2314865048333548 0.19632118465740245
0 0.9337187392574078 0.7459351692911323 0.13256252148518435 0.1677320735222315
0 0.14243191372463748 0.923445934299689 0.19495173111680747 0.15310813140062188
0 0.34214530868168336 0.9063285108056924 0.23302494120271575 0.1662297576807461
0 0.544611889414378 0.8968870794191879 0.24059177973732648 0.1619972839891055
0 0.7543587036387291 0.8768343717243242 0.23359815128862388 0.1771672576807461
0 0.9262204997728574 0.8731347061228354 0.1475590004542852 0.15963114718563745